23.96
30.62
25.36
32.14
28.72
20.70
34.93
23.17
18.51
27.98
29.98
19.47
38.21
27.33
19.37
31.43
25.48
23.44
41.18
29.62
22.36
51.16
30.68
21.24
17.38
31.96
33.19
17.93
32.72
33.76
22.15
21.13
49.02
37.00
29.74
32.16
21.79
43.35
27.78
20.41
41.12
25.29
21.03
58.36
23.19
29.10
22.25
31.09
20.16
45.30
22.16
18.09
24.79
29.77
22.58
20.92
32.50
23.56
30.41
19.00
26.34
25.50
23.27
24.55
27.38
33.03
31.77
20.28
23.07
25.93
23.95
18.79
22.58
21.24
42.93
22.23
25.97
27.36
22.64
28.05
23.74
21.08
23.44
28.73
23.92
25.79
28.96
22.72
18.98
31.80
19.59
24.42
21.42
23.82
24.15
22.22
25.49
26.40
22.98
36.75
24.40
25.13
24.53
24.83
21.31
26.00
19.12
22.21
17.88
22.21
23.54
20.76
29.68
25.96
23.54
23.25
20.96
18.21
23.41
31.01
24.05
21.22
27.00
30.52
21.02
31.02
23.25
20.44
24.09
27.87
27.01
28.17
18.39
25.91
23.53
35.43
28.93
29.35
16.00
22.08
29.21
20.58
22.91
22.85
30.18
21.42
22.72
